ID,Data Bytes
00000112,0C 48 00 00 00 00 30 13 
00000712,00 00 00 00 00 00 00 00 
00000112,0C 40 00 00 00 00 30 13 
00000712,00 00 00 00 00 00 00 00 
00000112,0C 40 00 00 00 00 30 13 
00000712,00 00 00 00 00 00 00 00 
00000100,00 00 00 00 AA 01 00 00 
00000500,F8 02 00 00 16 01 42 01 
00000700,AB FC 00 00 00 00 00 00 
00000112,0C 40 00 00 00 00 30 13 
00000512,00 00 00 00 00 00 A8 02 
00000100,00 00 00 00 AA 01 00 00 
00000500,F8 02 00 00 16 01 42 01 
00000112,0C 00 00 00 00 00 30 13 
00000512,00 00 00 00 00 00 A8 02 
00000100,00 00 00 00 AA 01 00 00 
00000500,F8 02 00 00 16 01 42 01 
00000112,0C 00 00 00 00 00 30 13 
00000512,00 00 00 00 00 00 A8 02 
00000100,00 00 00 00 AA 01 00 00 
00000500,F8 02 00 00 16 01 42 01 
00000112,0C 00 00 00 00 00 30 13 
00000512,00 00 00 00 00 00 A8 02 
00000100,00 00 00 00 AA 01 00 00 
00000500,F8 02 00 00 16 01 42 01 
00000112,0C 00 00 00 00 00 30 13 
00000512,00 00 00 00 00 00 A8 02 
00000100,00 00 00 00 AA 01 00 00 
00000500,F8 02 00 00 16 01 42 01 
00000112,0C 00 00 00 00 00 30 13 
00000512,00 00 00 00 00 00 A8 02 
00000100,00 00 00 00 AA 01 00 00 
00000500,F8 02 00 00 16 01 42 01 
00000112,0C 00 00 00 00 00 30 13 
00000512,00 00 00 00 00 00 A8 02 
00000100,00 00 00 00 AA 01 00 00 
00000500,F8 02 00 00 16 01 42 01 
00000112,0C 00 00 00 00 00 30 13 
00000512,00 00 00 00 00 00 A8 02 
00000100,00 00 00 00 AA 01 00 00 
00000500,F8 02 00 00 16 01 42 01 
00000112,0C 00 00 00 00 00 30 13 
00000512,00 00 00 00 00 00 A8 02 
00000100,00 00 00 00 AA 01 00 00 
00000500,F8 02 00 00 16 01 42 01 
00000112,0C 00 00 00 00 00 30 13 
00000512,00 00 00 00 00 00 A8 02 
00000100,00 00 00 00 AA 01 00 00 
00000500,F8 02 00 00 16 01 42 01 
00000112,0C 00 00 00 00 00 30 13 
00000512,00 00 00 00 00 00 A8 02 
00000100,00 00 00 00 AA 01 00 00 
00000500,F8 02 00 00 16 01 42 01 
00000112,0C 00 00 00 00 00 30 13 
00000512,00 00 00 00 00 00 A8 02 
00000100,00 00 00 00 AA 01 00 00 
00000500,F8 02 00 00 16 01 42 01 
00000112,0C 00 00 00 00 00 30 13 
00000512,00 00 00 00 00 00 AC 02 
00000100,00 00 00 00 AA 01 00 00 
00000500,F8 02 00 00 16 01 42 01 
00000112,0C 00 00 00 00 00 34 13 
00000512,00 00 00 00 00 00 A8 02 
00000100,00 00 00 00 AA 01 00 00 
00000500,F8 02 00 00 16 01 42 01 
00000112,0C 00 00 00 00 00 34 13 
00000512,00 00 00 00 00 00 AC 02 
00000100,00 00 00 00 AA 01 00 00 
00000500,F8 02 00 00 16 01 42 01 
00000112,0C 00 00 00 00 00 34 13 
00000512,00 00 00 00 00 00 A8 02 
00000100,00 00 00 00 AA 01 00 00 
00000500,F8 02 00 00 16 01 42 01 
00000112,0C 00 00 00 00 00 34 13 
00000512,00 00 00 00 00 00 AC 02 
00000100,00 00 00 00 AA 01 00 00 
00000500,F8 02 00 00 16 01 42 01 
00000112,0C 00 00 00 00 00 34 13 
00000512,00 00 00 00 00 00 A8 02 
00000100,00 00 00 00 AA 01 00 00 
00000500,F8 02 00 00 16 01 42 01 
00000112,0C 00 00 00 00 00 34 13 
00000512,00 00 00 00 00 00 AC 02 
00000100,00 00 00 00 AA 01 00 00 
00000500,F8 02 00 00 16 01 42 01 
00000112,0C 00 00 00 00 00 34 13 
00000512,00 00 00 00 00 00 AC 02 
00000100,00 00 00 00 AA 01 00 00 
00000500,F8 02 00 00 16 01 42 01 
00000112,0C 00 00 00 00 00 34 13 
00000512,00 00 00 00 00 00 A8 02 
00000100,00 00 00 00 AA 01 00 00 
00000500,F8 02 00 00 16 01 42 01 
00000112,0C 00 00 00 00 00 34 13 
00000512,00 00 00 00 00 00 AC 02 
00000100,00 00 00 00 AA 01 00 00 
00000500,F8 02 00 00 16 01 42 01 
00000112,0C 00 00 00 00 00 34 13 
00000512,00 00 00 00 00 00 A8 02 
00000100,00 00 00 00 AA 01 00 00 
00000500,F8 02 00 00 16 01 42 01 
00000112,0C 00 00 00 00 00 34 13 
00000512,00 00 00 00 00 00 AC 02 
00000100,00 00 00 00 AA 01 00 00 
00000500,F8 02 00 00 16 01 42 01 
00000112,0C 00 00 00 00 00 34 13 
00000512,00 00 00 00 00 00 AC 02 
00000100,00 00 00 00 AA 01 00 00 
00000500,F8 02 00 00 16 01 42 01 
00000112,0C 00 00 00 00 00 34 13 
00000512,00 00 00 00 00 00 AC 02 
00000100,00 00 00 00 AA 01 00 00 
00000500,F8 02 00 00 16 01 42 01 
00000112,0C 00 00 00 00 00 34 13 
00000512,00 00 00 00 00 00 AC 02 
00000100,00 00 00 00 AA 01 00 00 
00000500,F8 02 00 00 16 01 42 01 
00000112,0C 00 00 00 00 00 34 13 
00000512,00 00 00 00 00 00 AC 02 
00000100,00 00 00 00 AA 01 00 00 
00000500,F8 02 00 00 16 01 42 01 
00000112,0C 00 00 00 00 00 34 13 
00000512,00 00 00 00 00 00 AC 02 
00000100,00 00 00 00 AA 01 00 00 
00000500,F8 02 00 00 16 01 42 01 
00000112,0C 00 00 00 00 00 34 13 
00000512,00 00 00 00 00 00 AC 02 
00000100,00 00 00 00 AA 01 00 00 
00000500,F8 02 00 00 16 01 42 01 
00000112,0C 00 00 00 00 00 34 13 
00000512,00 00 00 00 00 00 AC 02 
00000100,00 00 00 00 AA 01 00 00 
00000500,F8 02 00 00 16 01 42 01 
00000112,0C 00 00 00 00 00 34 13 
00000512,00 00 00 00 00 00 A8 02 
00000100,00 00 00 00 AA 01 00 00 
00000500,F8 02 00 00 16 01 42 01 
00000112,0C 00 00 00 00 00 34 13 
00000512,00 00 00 00 00 00 AC 02 
00000100,00 00 00 00 AA 01 00 00 
00000500,F8 02 00 00 16 01 42 01 
00000112,0C 00 00 00 00 00 34 13 
00000512,00 00 00 00 00 00 AC 02 
00000100,00 00 00 00 AA 01 00 00 
00000500,F8 02 00 00 16 01 42 01 
00000112,0C 00 00 00 00 00 34 13 
00000512,00 00 00 00 00 00 AC 02 
00000100,00 00 00 00 AA 01 00 00 
00000500,F8 02 00 00 16 01 42 01 
00000112,0C 00 00 00 00 00 34 13 
00000512,00 00 00 00 00 00 AC 02 
00000100,00 00 00 00 AA 01 00 00 
00000500,F8 02 00 00 16 01 42 01 
00000112,0C 00 00 00 00 00 34 13 
00000512,00 00 00 00 00 00 AC 02 
00000100,00 00 00 00 AA 01 00 00 
00000500,F8 02 00 00 16 01 42 01 
00000112,0C 00 00 00 00 00 34 13 
00000512,00 00 00 00 00 00 AC 02 
00000100,00 00 00 00 AA 01 00 00 
00000500,F8 02 00 00 16 01 42 01 
00000112,0C 00 00 00 00 00 34 13 
00000512,00 00 00 00 00 00 AC 02 
00000100,00 00 00 00 AA 01 00 00 
00000500,F8 02 00 00 16 01 42 01 
00000112,0C 00 00 00 00 00 34 13 
00000512,00 00 00 00 00 00 AC 02 
00000100,00 00 00 00 AA 01 00 00 
00000500,F8 02 00 00 16 01 42 01 
00000112,0C 00 00 00 00 00 34 13 
00000512,00 00 00 00 00 00 AC 02 
00000100,00 00 00 00 AA 01 00 00 
00000500,F8 02 00 00 16 01 42 01 
00000112,0C 00 00 00 00 00 34 13 
00000512,00 00 00 00 00 00 AC 02 
00000100,00 00 00 00 AA 01 00 00 
00000500,F8 02 00 00 16 01 42 01 
00000112,0C 00 00 00 00 00 34 13 
00000512,00 00 00 00 00 00 A8 02 
00000100,00 00 00 00 AA 01 00 00 
00000500,F8 02 00 00 16 01 42 01 
00000112,0C 00 00 00 00 00 34 13 
00000512,00 00 00 00 00 00 AC 02 
00000100,00 00 00 00 AA 01 00 00 
00000500,F8 02 00 00 16 01 42 01 
00000112,0C 00 00 00 00 00 34 13 
00000512,00 00 00 00 00 00 AC 02 
00000100,00 00 00 00 AA 01 00 00 
00000500,F8 02 00 00 16 01 42 01 
00000112,0C 00 00 00 00 00 34 13 
00000512,00 00 00 00 00 00 AC 02 
00000100,00 00 00 00 AA 01 00 00 
00000500,F8 02 00 00 16 01 42 01 
00000112,0C 00 00 00 00 00 34 13 
00000512,00 00 00 00 00 00 A8 02 
00000100,00 00 00 00 AA 01 00 00 
00000500,F8 02 00 00 16 01 42 01 
00000112,0C 00 00 00 00 00 34 13 
00000512,00 00 00 00 00 00 AC 02 
00000100,00 00 00 00 AA 01 00 00 
00000500,F8 02 00 00 16 01 42 01 
00000112,0C 00 00 00 00 00 34 13 
00000512,00 00 00 00 00 00 A8 02 
00000100,00 00 00 00 AA 01 00 00 
00000500,F8 02 00 00 16 01 42 01 
00000112,0C 00 00 00 00 00 34 13 
00000512,00 00 00 00 00 00 AC 02 
00000100,00 00 00 00 AA 01 00 00 
00000500,F8 02 00 00 16 01 42 01 
00000112,0C 00 00 00 00 00 34 13 
00000512,00 00 00 00 00 00 A8 02 
00000100,00 00 00 00 AA 01 00 00 
00000500,F8 02 00 00 16 01 42 01 
00000112,0C 00 00 00 00 00 34 13 
00000512,00 00 00 00 00 00 A8 02 
00000100,00 00 00 00 AA 01 00 00 
00000500,F8 02 00 00 16 01 42 01 
00000112,0C 00 00 00 00 00 34 13 
00000512,00 00 00 00 00 00 A8 02 
00000100,00 00 00 00 AA 01 00 00 
00000500,F8 02 00 00 16 01 42 01 
00000112,0C 00 00 00 00 00 34 13 
00000512,00 00 00 00 00 00 A8 02 
00000100,00 00 00 00 AA 01 00 00 
00000500,F8 02 00 00 16 01 42 01 
00000112,0C 00 00 00 00 00 34 13 
00000512,00 00 00 00 00 00 A8 02 
00000100,00 00 00 00 AA 01 00 00 
00000500,F8 02 00 00 16 01 42 01 
00000112,0C 00 00 00 00 00 34 13 
00000512,00 00 00 00 00 00 A8 02 
00000100,00 00 00 00 AA 01 00 00 
00000500,F8 02 00 00 16 01 42 01 
00000112,0C 00 00 00 00 00 34 13 
00000512,00 00 00 00 00 00 AC 02 
00000100,00 00 00 00 AA 01 00 00 
00000500,F8 02 00 00 16 01 42 01 
00000112,0C 00 00 00 00 00 34 13 
00000512,00 00 00 00 00 00 AC 02 
00000100,00 00 00 00 AA 01 00 00 
00000500,F8 02 00 00 16 01 42 01 
00000112,0C 00 00 00 00 00 34 13 
00000512,00 00 00 00 00 00 A8 02 
00000100,00 00 00 00 AA 01 00 00 
00000500,F8 02 00 00 16 01 42 01 
00000112,0C 00 00 00 00 00 34 13 
00000512,00 00 00 00 00 00 A8 02 
00000100,00 00 00 00 AA 01 00 00 
00000500,F8 02 00 00 16 01 42 01 
00000112,0C 00 00 00 00 00 34 13 
00000512,00 00 00 00 00 00 A8 02 
00000100,00 00 00 00 AA 01 00 00 
00000500,F8 02 00 00 16 01 42 01 
00000112,0C 00 00 00 00 00 34 13 
00000512,00 00 00 00 00 00 A8 02 
00000100,00 00 00 00 AA 01 00 00 
00000500,F8 02 00 00 16 01 42 01 
00000112,0C 00 00 00 00 00 34 13 
00000512,00 00 00 00 00 00 A8 02 
00000100,00 00 00 00 AA 01 00 00 
00000500,F8 02 00 00 16 01 42 01 
00000112,0C 00 00 00 00 00 34 13 
00000512,00 00 00 00 00 00 A8 02 
00000100,00 00 00 00 AA 01 00 00 
00000500,F8 02 00 00 16 01 42 01 
00000112,0C 00 00 00 00 00 34 13 
00000512,00 00 00 00 00 00 A8 02 
00000100,00 00 00 00 AA 01 00 00 
00000500,F8 02 00 00 16 01 42 01 
00000112,0C 00 00 00 00 00 34 13 
00000512,00 00 00 00 00 00 A8 02 
00000100,00 00 00 00 AA 01 00 00 
00000500,F8 02 00 00 16 01 42 01 
00000112,0C 00 00 00 00 00 34 13 
00000512,00 00 00 00 00 00 A8 02 
00000100,00 00 00 00 AA 01 00 00 
00000500,F8 02 00 00 16 01 42 01 
00000112,0C 00 00 00 00 00 34 13 
00000512,00 00 00 00 00 00 A8 02 
00000100,00 00 00 00 AA 01 00 00 
00000500,F8 02 00 00 16 01 42 01 
00000112,0C 00 00 00 00 00 34 13 
00000512,00 00 00 00 00 00 AC 02 
00000100,00 00 00 00 AA 01 00 00 
00000500,F8 02 00 00 16 01 42 01 
00000112,0C 00 00 00 00 00 34 13 
00000512,00 00 00 00 00 00 A8 02 
00000100,00 00 00 00 AA 01 00 00 
00000500,F8 02 00 00 16 01 42 01 
00000112,0C 00 00 00 00 00 34 13 
00000512,00 00 00 00 00 00 A8 02 
00000100,00 00 00 00 AA 01 00 00 
00000500,F8 02 00 00 16 01 42 01 
00000112,0C 00 00 00 00 00 34 13 
00000512,00 00 00 00 00 00 A8 02 
00000100,00 00 00 00 AA 01 00 00 
00000500,F8 02 00 00 16 01 42 01 
00000112,0C 00 00 00 00 00 34 13 
00000512,00 00 00 00 00 00 A8 02 
00000100,00 00 00 00 AA 01 00 00 
00000500,F8 02 00 00 16 01 42 01 
00000112,0C 00 00 00 00 00 34 13 
00000512,00 00 00 00 00 00 A8 02 
00000100,00 00 00 00 AA 01 00 00 
00000500,F8 02 00 00 16 01 42 01 
00000112,0C 00 00 00 00 00 34 13 
00000512,00 00 00 00 00 00 A8 02 
00000100,00 00 00 00 AA 01 00 00 
00000500,F8 02 00 00 16 01 42 01 
00000112,0C 00 00 00 00 00 34 13 
00000512,00 00 00 00 00 00 A8 02 
00000100,00 00 00 00 AA 01 00 00 
00000500,F8 02 00 00 16 01 42 01 
00000112,0C 00 00 00 00 00 34 13 
00000512,00 00 00 00 00 00 A8 02 
00000100,00 00 00 00 AA 01 00 00 
00000500,F8 02 00 00 16 01 42 01 
00000112,0C 00 00 00 00 00 34 13 
00000512,00 00 00 00 00 00 A8 02 
00000100,00 00 00 00 AA 01 00 00 
00000500,F8 02 00 00 16 01 42 01 
00000112,0C 00 00 00 00 00 34 13 
00000512,00 00 00 00 00 00 A8 02 
00000100,00 00 00 00 AA 01 00 00 
00000500,F8 02 00 00 16 01 42 01 
00000112,0C 00 00 00 00 00 34 13 
00000512,00 00 00 00 00 00 A8 02 
00000100,00 00 00 00 AA 01 00 00 
00000500,F8 02 00 00 16 01 42 01 
00000112,0C 00 00 00 00 00 34 13 
00000512,00 00 00 00 00 00 A8 02 
00000100,00 00 00 00 AA 01 00 00 
00000500,F8 02 00 00 16 01 42 01 
00000112,0C 00 00 00 00 00 34 13 
00000512,00 00 00 00 00 00 AC 02 
00000100,00 00 00 00 AA 01 00 00 
00000500,F8 02 00 00 16 01 42 01 
00000112,0C 00 00 00 00 00 34 13 
00000512,00 00 00 00 00 00 AC 02 
00000100,00 00 00 00 AA 01 00 00 
00000500,F8 02 00 00 16 01 42 01 
00000112,0C 00 00 00 00 00 34 13 
00000512,00 00 00 00 00 00 A8 02 
00000100,00 00 00 00 AA 01 00 00 
00000500,F8 02 00 00 16 01 42 01 
00000112,0C 00 00 00 00 00 34 13 
00000512,00 00 00 00 00 00 A8 02 
00000100,00 00 00 00 AA 01 00 00 
00000500,F8 02 00 00 16 01 42 01 
00000112,0C 00 00 00 00 00 34 13 
00000512,00 00 00 00 00 00 A8 02 
00000100,00 00 00 00 AA 01 00 00 
00000500,F8 02 00 00 16 01 42 01 
00000112,0C 00 00 00 00 00 34 13 
00000512,00 00 00 00 00 00 AC 02 
00000100,00 00 00 00 AA 01 00 00 
00000500,F8 02 00 00 16 01 42 01 
00000112,0C 00 00 00 00 00 34 13 
00000512,00 00 00 00 00 00 A8 02 
00000100,00 00 00 00 AA 01 00 00 
00000500,F8 02 00 00 16 01 42 01 
00000112,0C 00 00 00 00 00 34 13 
00000512,00 00 00 00 00 00 AC 02 
00000100,00 00 00 00 AA 01 00 00 
00000500,F8 02 00 00 16 01 42 01 
00000112,0C 00 00 00 00 00 34 13 
00000512,00 00 00 00 00 00 A8 02 
00000100,00 00 00 00 AA 01 00 00 
00000500,F8 02 00 00 16 01 42 01 
00000112,0C 00 00 00 00 00 34 13 
00000512,00 00 00 00 00 00 A8 02 
00000100,00 00 00 00 AA 01 00 00 
00000500,F8 02 00 00 16 01 42 01 
00000112,0C 00 00 00 00 00 34 13 
00000512,00 00 00 00 00 00 A8 02 
00000100,00 00 00 00 AA 01 00 00 
00000500,F8 02 00 00 16 01 42 01 
00000112,0C 00 00 00 00 00 34 13 
00000512,00 00 00 00 00 00 A8 02 
00000100,00 00 00 00 AA 01 00 00 
00000500,F8 02 00 00 16 01 42 01 
00000112,0C 00 00 00 00 00 34 13 
00000512,00 00 00 00 00 00 AC 02 
00000100,00 00 00 00 AA 01 00 00 
00000500,F8 02 00 00 16 01 42 01 
00000112,0C 00 00 00 00 00 34 13 
00000512,00 00 00 00 00 00 A8 02 
00000100,00 00 00 00 AA 01 00 00 
00000500,F8 02 00 00 16 01 42 01 
00000112,0C 00 00 00 00 00 34 13 
00000512,00 00 00 00 00 00 A8 02 
00000100,00 00 00 00 AA 01 00 00 
00000500,F8 02 00 00 16 01 42 01 
00000112,0C 00 00 00 00 00 34 13 
00000512,00 00 00 00 00 00 A8 02 
00000100,00 00 00 00 AA 01 00 00 
00000500,F8 02 00 00 16 01 42 01 
00000112,0C 00 00 00 00 00 34 13 
00000512,00 00 00 00 00 00 A8 02 
00000100,00 00 00 00 AA 01 00 00 
00000500,F8 02 00 00 16 01 42 01 
00000112,0C 00 00 00 00 00 34 13 
00000512,00 00 00 00 00 00 A8 02 
00000100,00 00 00 00 AA 01 00 00 
00000500,F8 02 00 00 16 01 42 01 
00000112,0C 00 00 00 00 00 34 13 
00000512,00 00 00 00 00 00 A8 02 
00000100,00 00 00 00 AA 01 00 00 
00000500,F8 02 00 00 16 01 42 01 
00000112,0C 00 00 00 00 00 34 13 
00000512,00 00 00 00 00 00 A8 02 
00000100,00 00 00 00 AA 01 00 00 
00000500,F8 02 00 00 16 01 42 01 
00000112,0C 00 00 00 00 00 34 13 
00000512,00 00 00 00 00 00 A8 02 
00000100,00 00 00 00 AA 01 00 00 
00000500,F8 02 00 00 16 01 42 01 
00000112,0C 00 00 00 00 00 34 13 
00000512,00 00 00 00 00 00 A8 02 
00000100,00 00 00 00 AA 01 00 00 
00000500,F8 02 00 00 16 01 42 01 
00000112,0C 00 00 00 00 00 34 13 
00000512,00 00 00 00 00 00 A8 02 
00000100,00 00 00 00 AA 01 00 00 
00000500,F8 02 00 00 16 01 42 01 
00000112,0C 00 00 00 00 00 34 13 
00000512,00 00 00 00 00 00 A8 02 
00000100,00 00 00 00 AA 01 00 00 
00000500,F8 02 00 00 16 01 42 01 
00000112,0C 00 00 00 00 00 34 13 
00000512,00 00 00 00 00 00 A8 02 
00000100,00 00 00 00 AA 01 00 00 
00000500,F8 02 00 00 16 01 42 01 
00000112,0C 00 00 00 00 00 34 13 
00000512,00 00 00 00 00 00 A8 02 
00000100,00 00 00 00 AA 01 00 00 
00000500,F8 02 00 00 16 01 42 01 
00000112,0C 00 00 00 00 00 34 13 
00000512,00 00 00 00 00 00 A8 02 
00000100,00 00 00 00 AA 01 00 00 
00000500,F8 02 00 00 16 01 42 01 
00000112,0C 00 00 00 00 00 34 13 
00000512,00 00 00 00 00 00 A8 02 
00000100,00 00 00 00 AA 01 00 00 
00000500,F8 02 00 00 16 01 42 01 
00000112,0C 00 00 00 00 00 34 13 
00000512,00 00 00 00 00 00 6C 02 
00000100,00 00 00 00 AA 01 00 00 
00000500,F8 02 00 00 16 01 42 01 
